266 Відповіді та вказівки до вправ

949. 1) 5; 2) 14,68; 3) 13,64. 956. 81,24 км. 957. 133,26 км.
960. 1) 42,4 см; 2) 72,48 cm’; 3) 39,744 см?. 962. 1) 68,4 см;
2) 178,2 cm’; 3) 145,8 см?. 963. Hi. 964. 18,7 сольдо. 966. 5 квад-
ратів. 1002. 1) 242,95; 2) 31,03; 3) 9,76. 1003. 1) 15,44; 2) 6,42;
8) 2,84. 1004. 15,625 дм?. 1006. 1) 0,801; 2) 47,14. 1007. 1) 5,99;
2) 54,42. 1008. 2) 0,945; 5) 0,292; 9) 0,2772; 10) 420; 11) 8,8;
12) 0,75. 1009. 1) 1,47; 2) 4,38; 3) 11,1; 4) 548,68; 5) 55,52; 6) 14,98.
1010. 1) 0,42; 2) 0,9; 3) 3,4; 4) 0,3; 5) 0,4; 6) 10,2. 1011. 1) 0,16;
2) 0,14; 3) 0,1; 4) 2,5; 5) 0,3; 6) 0,8. 1012. 42,7 км/год. 10138. 1,8 м/хв.
1014. 58,76 км/год. 1015. 4,1 км/год. 1016. За 0,7 год. 1017. Через
9,5 хв. 1018. 2,4 год. 1019. 30 хв. 1020. Суміш гною i торфу.
1021. Урожайність льону від внесення добрив зменшилась, а яч-
меню -- підвищилась. 1027. 1036,56 грн. 1028. 116,28 км. 1029.
5,12. 1030. 169,2. 1031. 40. 1032. 32. 1033. 1) 3,48 :29- 0,12;
2) 9,75 : 39 =0,25; 3) 5,51:29- 0,19. 1034. 300 сторінок. 1035. 6,89.
1036. 10,6 км/год i 1,8 км/год. 1049. 6,6. 1050. 10,6. 1051. 4; 16.
1052. 5,9; 10,5. 1053. По 12 балів. 1054. 98 балів. 1055. 45 км/год.
1056. 112 грн. 1057. 2,4. 1058. 9,18. 1059. 32 роки. 1060. На 1.
1061. Вказівка. Нехай не всі гноми були одного зросту. Тоді най-
вищий гном не може бути вищим за жодного з двох своїх сусідів.
Отже, найвищий гном і два його сусіди були однакового зросту.
Проведіть аналогічні міркування для сусідів цих трьох гномів
іт. д. 1064. 2592 см?. 1090. 312 кг. 1091. 88 банок. 1092. 468 че-
решень. 1098. 9471 грн. 1095. 189 дм?. 1097. Так. 1098. 15 400 грн;
16 940 грн. 1099. 1020 л; 867 л. 1100. 218 км. 1101. 588 грн. 1102.
30 пиріжків. 1104. 40 автомобілів. 1105. 65 км. 1121. 600 сольдо.
1122. 200 грибів. 1123. 24 дм?. 1125. 30 км. 1126. 300 дерев, 177 ви-
шень. 1127. 320 м, 217,6 м. 1128. 500 кущів. 1129. 400 сторінок.
1130. 1500 кг.  1131.400 кг. 1132. 120 айстр. 11384. 4) 1,6.
1135. 14 км/год.  1136.1)20; 2) 25. 1138.1)624; 2)21 134;
3) 371 000; 4) 6692; 5) 26 166; 6) 42 292; 7) 5003; 3) 4007; 9) 1;
10) 17 046; 11) 10,68; 12) 2,48; 13) 1,963; 14) 30; 15) 6,119;
16) 3,1625; 17) 0,64; 13) 2,4; 19) 0,7095; 20) 306,88; 21) 2,515;
22) 19,84. 1139. 6) 0,2; 7) 52; 8) 0,11; 9) 15; 10) 6,29. 1142. 3) 54,02;
4) 3,7; 5) 2,676; 6) 2,113; 7) 500; 8) 27,03. 1143. 1) 400; 2) 16,784;

3) 7,69; 4) 355 5) 8209; 6) 935 т) 0,631; 8) 0,95; 9) 2779; 10) 4,058;
11) 57,543; 12) 12. 1144. 9) 0,06; 10) 2230; 17) 0,06; 18) 0,4.

1151. 14 га, 32 га. 1152. 27 автомобілів. 1153. 40 т 1 ц 25 кг.
1154. За 7,2 хв. 1155. За 2 хв. 1156. 3,5 хв, 700 л, 490 л.
1157. 1,5 кг. 1158. 24 кг, 18 кг. 1161. 9,7 км/год або 6,7 км/год.
1162. 429 км. 1163. 1,5 год. 1164. 64 км/год. 1165. 8 год.
